189980
189872
189858
189828
189826
189766
189738
189702
189642
189631
189600
189543
189525
189470
189433
189335
189238
189211
189193
189020
189011
188975
188891
188876
188846
188838
188759
188735
188731
188640
188630
188602
188588
188427
188400
188382
188279
188261
188170
187912
187911
187882
187868
187861
187796
187783
187774
187654
187579
187508
187476
187467
187463
187424
187321
187297
187277
187190
187085
187036
187028
186983
186923
186912
186903
186763
186670
186656
186640
186602
186592
186505
186381
186332
186322
186316
186275
186247
186236
186146
186128
186080
186061
186051
185972
185961
185947
185895
185805
185784
185770
185759
185654
185583
185536
185501
185500
185458
185457
185398
185384
185381
185310
185291
185222
185181
185124
185101
185083
185056
185006
184992
184971
184962
184952
184819
184665
184660
184655
184540
184524
184514
184483
184471
184455
184449
184448
184413
184376
184347
184291
184263
184199
184161
184125
184095
184089
184086
184061
184055
184054
184022
183971
183921
183900
183885
183879
183868
183811
183800
183760
183742
183601
183516
183481
183431
183427
183411
183349
183279
183236
183194
183186
183126
183083
183082
183014
182974
182941
182886
182872
182799
182768
182729
182705
182570
182555
182500
182494
182491
182458
182357
182356
182339
182308
182269
182249
182221
182201
182181
182076
182056
181956
181946
181933
181811
181804
181752
181750
181680
181646
181627
181499
181469
181350
181336
181304
181258
181171
181141
181130
181100
181092
180970
180968
180888
180847
180691
180572
180541
180528
180493
180449
180394
180368
180367
180359
180353
180336
180274
180267
180141
180115
180106
180102
179845
179790
179720
179671
179652
179651
179616
179587
179553
179551
179488
179449
179421
179380
179323
179307
179295
179256
179252
179214
179164
179043
179040
179021
178997
178991
178977
178913
178898
178884
178875
178871
178870
178741
178720
178689
178684
178661
178621
178431
178173
178127
178102
178073
178001
177996
177994
177968
177954
177786
177658
177634
177586
177578
177444
177398
177385
177328
177323
177264
177249
177196
177192
177151
177090
176979
176935
176896
176869
176831
176809
176784
176763
176693
176657
176650
176630
176628
176608
176544
176537
176534
176496
176453
176334
176283
176277
176197
176182
176143
176080
175968
175964
175952
175845
175812
175703
175660
175627
175615
175457
175369
175337
175275
175267
175245
175090
175006
174967
174937
174871
174837
174817
174794
174793
174769
174686
174649
174613
174347
174299
174268
174218
174177
174174
174169
174142
174134
174125
174124
173889
173884
173870
173864
173822
173814
173762
173693
173618
173607
173596
173505
173340
173227
173211
173180
173148
173061
172991
172932
172922
172907
172786
172753
172686
172675
172618
172514
172497
172385
172253
172099
172080
172044
172023
172015
172014
171936
171871
171842
171836
171804
171775
171708
171697
171662
171502
171488
171427
171398
171355
171339
171326
171142
171127
171093
171078
170928
170849
170785
170745
170726
170683
170657
170564
170523
170460
170440
170424
170325
170324
170296
170284
170249
170233
170202
170093
170048
169973
169910
169829
169790
169779
169754
169745
169716
169669
169618
169606
169603
169563
169484
169477
169414
169375
169289
169209
169206
169189
169187
169148
169144
169103
169051
168948
168894
168875
168846
168788
168758
168710
168587
168569
168548
168460
168458
168421
168401
168356
168319
168309
168261
168210
167903
167811
167614
167534
167498
167473
167432
167372
167336
167322
167205
167196
167082
167047
166964
166877
166830
166827
166772
166688
166685
166639
166635
166585
166515
166505
166465
166453
166439
166413
166407
166396
166320
166309
166280
166266
166265
166259
166180
166126
166002
165948
165942
165941
165912
165907
165890
165878
165849
165822
165803
165742
165694
165692
165647
165640
165621
165555
165490
165481
165478
165306
165303
165291
165277
165276
165227
165226
165191
165173
165132
165074
165060
165014
164985
164984
164968
164893
164874
164868
164810
164735
164709
164698
164663
164629
164624
164615
164614
164583
164520
164468
164406
164357
164277
164264
164221
164206
164136
164119
164033
163956
163880
163865
163830
163811
163810
163789
163761
163708
163706
163635
163543
163522
163459
163442
163302
163281
163135
163118
163063
163024
162976
162927
162842
162758
162756
162629
162596
162556
162414
162404
162331
162315
162238
162160
162117
162074
161988
161931
161888
161841
161812
161805
161599
161570
161566
161481
161455
161381
161308
161280
161221
161174
161168
161143
161131
161129
161018
160944
160925
160894
160886
160845
160817
160790
160788
160752
160743
160632
160597
160586
160458
160377
160369
160296
160156
160100
160098
159964
159761
159671
159557
159331
159305
159298
159234
159205
159149
159116
159063
159040
159003
158964
158931
158918
158901
158873
158855
158843
158812
158785
158751
158665
158658
158632
158579
158385
158355
158320
158303
158231
158197
158098
158036
157838
157732
157671
157576
157571
157566
157514
157319
157260
157224
157181
157164
157150
157100
157072
157046
156977
156975
156765
156674
156540
156533
156431
156412
156397
156342
156339
156279
156259
156173
156016
155925
155913
155895
155893
155787
155710
155692
155652
155632
155619
155610
155565
155503
155408
155215
155187
155166
155155
155110
155105
155050
155010
155007
154940
154909
154880
154855
154852
154828
154795
154769
154565
154527
154523
154516
154455
154421
154304
154274
154271
154254
154231
154173
154066
154021
153910
153845
153839
153822
153803
153779
153660
153648
153647
153636
153490
153467
153459
153453
153419
153322
153318
153292
153274
153273
153248
153190
153169
153106
153069
153038
152990
152948
152877
152736
152666
152596
152526
152476
152425
152410
152364
152336
152325
152317
152179
152151
152147
152124
152113
152098
151911
151847
151818
151803
151776
151538
151529
151493
151459
151450
151445
151390
151387
151374
151236
151035
151024
150993
150950
150842
150808
150658
150473
150443
150433
150333
150191
150177
150167
150142
150132
150014
149846
149750
149739
149738
149424
149375
149253
149251
149102
149043
149018
148809
148681
148678
148649
148621
148470
148463
148462
148425
148368
148351
148349
148269
148183
148179
148148
148122
147956
147937
147880
147869
147777
147776
147775
147756
147727
147500
147473
147424
147404
147372
147360
147314
147305
147296
147197
147171
147156
147151
147142
147121
147072
147068
146986
146974
146972
146956
146834
146817
146635
146631
146604
146578
146566
146537
146470
146441
146438
146437
146416
146382
146335
146334
146295
146274
146185
146141
146092
146067
146052
146050
146021
145932
145926
145907
145888
145849
145824
145795
145648
145644
145629
145530
145504
145471
145462
145417
145388
145382
145290
145277
145234
145183
145126
145125
145067
145015
144945
144939
144893
144884
144841
144782
144725
144657
144523
144492
144443
144440
144434
144418
144372
144275
144185
144138
144133
144106
144048
143991
143953
143896
143884
143860
143851
143756
143721
143696
143651
143640
143543
143424
143387
