143387
143424
143543
143640
143651
143696
143721
143756
143851
143860
143884
143896
143953
143991
144048
144106
144133
144138
144185
144275
144372
144418
144434
144440
144443
144492
144523
144657
144725
144782
144841
144884
144893
144939
144945
145015
145067
145125
145126
145183
145234
145277
145290
145382
145388
145417
145462
145471
145504
145530
145629
145644
145648
145795
145824
145849
145888
145907
145926
145932
146021
146050
146052
146067
146092
146141
146185
146274
146295
146334
146335
146382
146416
146437
146438
146441
146470
146537
146566
146578
146604
146631
146635
146817
146834
146956
146972
146974
146986
147068
147072
147121
147142
147151
147156
147171
147197
147296
147305
147314
147360
147372
147404
147424
147473
147500
147727
147756
147775
147776
147777
147869
147880
147937
147956
148122
148148
148179
148183
148269
148349
148351
148368
148425
148462
148463
148470
148621
148649
148678
148681
148809
149018
149043
149102
149251
149253
149375
149424
149738
149739
149750
149846
150014
150132
150142
150167
150177
150191
150333
150433
150443
150473
150658
150808
150842
150950
150993
151024
151035
151236
151374
151387
151390
151445
151450
151459
151493
151529
151538
151776
151803
151818
151847
151911
152098
152113
152124
152147
152151
152179
152317
152325
152336
152364
152410
152425
152476
152526
152596
152666
152736
152877
152948
152990
153038
153069
153106
153169
153190
153248
153273
153274
153292
153318
153322
153419
153453
153459
153467
153490
153636
153647
153648
153660
153779
153803
153822
153839
153845
153910
154021
154066
154173
154231
154254
154271
154274
154304
154421
154455
154516
154523
154527
154565
154769
154795
154828
154852
154855
154880
154909
154940
155007
155010
155050
155105
155110
155155
155166
155187
155215
155408
155503
155565
155610
155619
155632
155652
155692
155710
155787
155893
155895
155913
155925
156016
156173
156259
156279
156339
156342
156397
156412
156431
156533
156540
156674
156765
156975
156977
157046
157072
157100
157150
157164
157181
157224
157260
157319
157514
157566
157571
157576
157671
157732
157838
158036
158098
158197
158231
158303
158320
158355
158385
158579
158632
158658
158665
158751
158785
158812
158843
158855
158873
158901
158918
158931
158964
159003
159040
159063
159116
159149
159205
159234
159298
159305
159331
159557
159671
159761
159964
160098
160100
160156
160296
160369
160377
160458
160586
160597
160632
160743
160752
160788
160790
160817
160845
160886
160894
160925
160944
161018
161129
161131
161143
161168
161174
161221
161280
161308
161381
161455
161481
161566
161570
161599
161805
161812
161841
161888
161931
161988
162074
162117
162160
162238
162315
162331
162404
162414
162556
162596
162629
162756
162758
162842
162927
162976
163024
163063
163118
163135
163281
163302
163442
163459
163522
163543
163635
163706
163708
163761
163789
163810
163811
163830
163865
163880
163956
164033
164119
164136
164206
164221
164264
164277
164357
164406
164468
164520
164583
164614
164615
164624
164629
164663
164698
164709
164735
164810
164868
164874
164893
164968
164984
164985
165014
165060
165074
165132
165173
165191
165226
165227
165276
165277
165291
165303
165306
165478
165481
165490
165555
165621
165640
165647
165692
165694
165742
165803
165822
165849
165878
165890
165907
165912
165941
165942
165948
166002
166126
166180
166259
166265
166266
166280
166309
166320
166396
166407
166413
166439
166453
166465
166505
166515
166585
166635
166639
166685
166688
166772
166827
166830
166877
166964
167047
167082
167196
167205
167322
167336
167372
167432
167473
167498
167534
167614
167811
167903
168210
168261
168309
168319
168356
168401
168421
168458
168460
168548
168569
168587
168710
168758
168788
168846
168875
168894
168948
169051
169103
169144
169148
169187
169189
169206
169209
169289
169375
169414
169477
169484
169563
169603
169606
169618
169669
169716
169745
169754
169779
169790
169829
169910
169973
170048
170093
170202
170233
170249
170284
170296
170324
170325
170424
170440
170460
170523
170564
170657
170683
170726
170745
170785
170849
170928
171078
171093
171127
171142
171326
171339
171355
171398
171427
171488
171502
171662
171697
171708
171775
171804
171836
171842
171871
171936
172014
172015
172023
172044
172080
172099
172253
172385
172497
172514
172618
172675
172686
172753
172786
172907
172922
172932
172991
173061
173148
173180
173211
173227
173340
173505
173596
173607
173618
173693
173762
173814
173822
173864
173870
173884
173889
174124
174125
174134
174142
174169
174174
174177
174218
174268
174299
174347
174613
174649
174686
174769
174793
174794
174817
174837
174871
174937
174967
175006
175090
175245
175267
175275
175337
175369
175457
175615
175627
175660
175703
175812
175845
175952
175964
175968
176080
176143
176182
176197
176277
176283
176334
176453
176496
176534
176537
176544
176608
176628
176630
176650
176657
176693
176763
176784
176809
176831
176869
176896
176935
176979
177090
177151
177192
177196
177249
177264
177323
177328
177385
177398
177444
177578
177586
177634
177658
177786
177954
177968
177994
177996
178001
178073
178102
178127
178173
178431
178621
178661
178684
178689
178720
178741
178870
178871
178875
178884
178898
178913
178977
178991
178997
179021
179040
179043
179164
179214
179252
179256
179295
179307
179323
179380
179421
179449
179488
179551
179553
179587
179616
179651
179652
179671
179720
179790
179845
180102
180106
180115
180141
180267
180274
180336
180353
180359
180367
180368
180394
180449
180493
180528
180541
180572
180691
180847
180888
180968
180970
181092
181100
181130
181141
181171
181258
181304
181336
181350
181469
181499
181627
181646
181680
181750
181752
181804
181811
181933
181946
181956
182056
182076
182181
182201
182221
182249
182269
182308
182339
182356
182357
182458
182491
182494
182500
182555
182570
182705
182729
182768
182799
182872
182886
182941
182974
183014
183082
183083
183126
183186
183194
183236
183279
183349
183411
183427
183431
183481
183516
183601
183742
183760
183800
183811
183868
183879
183885
183900
183921
183971
184022
184054
184055
184061
184086
184089
184095
184125
184161
184199
184263
184291
184347
184376
184413
184448
184449
184455
184471
184483
184514
184524
184540
184655
184660
184665
184819
184952
184962
184971
184992
185006
185056
185083
185101
185124
185181
185222
185291
185310
185381
185384
185398
185457
185458
185500
185501
185536
185583
185654
185759
185770
185784
185805
185895
185947
185961
185972
186051
186061
186080
186128
186146
186236
186247
186275
186316
186322
186332
186381
186505
186592
186602
186640
186656
186670
186763
186903
186912
186923
186983
187028
187036
187085
187190
187277
187297
187321
187424
187463
187467
187476
187508
187579
187654
187774
187783
187796
187861
187868
187882
187911
187912
188170
188261
188279
188382
188400
188427
188588
188602
188630
188640
188731
188735
188759
188838
188846
188876
188891
188975
189011
189020
189193
189211
189238
189335
189433
189470
189525
189543
189600
189631
189642
189702
189738
189766
189826
189828
189858
189872
189980