171662
171502
171488
171427
171398
171355
189702
189738
189766
189826
189828
189858
189872
189980
189738
188427
188400
188382
188279
188261
188170
187912
187911
187882
187868
187861
187796
188602
188588
188427
188400
188382
188279
188261
188170
187912
187911
187882
187868
187861
187796
188602
188588
188427
188400
188382
188279
188261
188170
187912
187911
187882
187868
187861
187796
188602
188588
188427
188400
188382
188279
188261
188170
187912
187911
187882
187868
187861
187796
188602
188588
188427
188400
188382
188279
188261
188170
187912
187911
187882
187868
187861
187796
188602
188588
188427
188400
188382
188279
188261
188170
187912
187911
187882
187868
187861
187796
188602
188588
188427
188400
188382
188279
188261
188170
187912
187911
187882
187868
187861
187796
187783
187774
187654
187579
187508
187476
187467
187463
187424
187321
187297
187277
187190
187085
187036
187028
186983
186923
186912
186903
186763
186670
186656
186640
186602
186592
186505
186381
186332
186322
186316
186275
186247
186236
186146
186128
186080
186061
186051
185972
185961
185947
185895
185805
185784
185770
185759
185654
185583
185536
185501
185500
185458
185457
185398
185384
185381
185310
185291
185222
185181
185124
185101
185083
185056
185006
184992
184971
184962
184952
184819
184665
184660
184655
184540
184524
184514
184483
184471
184455
184449
184448
184413
184376
184347
184291
184263
184199
184161
184125
184095
184089
184086
184061
184055
184054
184022
183971
183921
183900
183885
183879
183868
183811
183800
183760
183742
183601
183516
183481
183431
183427
183411
183349
183279
183236
183194
183186
183126
183083
183082
183014
182974
182941
182886
182872
182799
182768
182729
182705
182570
182555
182500
182494
182491
182458
182357
182356
182339
182308
182269
182249
182221
182201
182181
182076
182056
181956
181946
181933
181811
181804
181752
181750
181680
181646
181627
181499
181469
181350
181336
181304
181258
181171
181141
181130
181100
181092
180970
180968
180888
180847
180691
180572
180541
180528
180493
180449
180394
180368
180367
180359
180353
180336
180274
180267
180141
180115
180106
180102
179845
179790
179720
179671
179652
179651
179616
179587
179553
179551
179488
179449
179421
179380
179323
179307
179295
179256
179252
179214
179164
179043
179040
179021
178997
178991
178977
178913
178898
178884
178875
178871
178870
178741
178720
178689
178684
178661
178621
178431
178173
178127
178102
178073
178001
177996
177994
177968
177954
177786
177658
177634
177586
177578
177444
177398
177385
177328
177323
177264
177249
177196
177192
177151
177090
176979
176935
176896
176869
176831
176809
176784
176763
176693
176657
176650
176630
176628
176608
176544
176537
176534
176496
176453
176334
176283
176277
176197
176182
176143
176080
175968
175964
175952
175845
175812
175703
175660
175627
175615
175457
175369
175337
175275
175267
175245
175090
175006
174967
174937
174871
174837
174817
174794
174793
174769
174686
174649
174613
174347
174299
174268
174218
174177
174174
174169
174142
174134
174125
174124
173889
173884
173870
173864
173822
173814
173762
173693
173618
173607
173596
173505
173340
173227
173211
173180
173148
173061
172991
172932
172922
172907
172786
172753
172686
172675
172618
172514
172497
172385
172253
172099
172080
172044
172023
172015
172014
171936
171871
171842
171836
171804
171775
171708
171697
171662
171502
171488
171427
171398
171355
171339
171326
171142
171127
187783
187774
187654
187579
187508
187476
187467
187463
187424
187321
187297
187277
187190
187085
187036
187028
186983
186923
186912
186903
186763
186670
186656
186640
186602
186592
186505
186381
186332
186322
186316
186275
186247
186236
186146
186128
186080
186061
186051
185972
185961
185947
185895
185805
185784
185770
185759
185654
185583
185536
185501
185500
185458
185457
185398
185384
185381
185310
185291
185222
185181
185124
185101
185083
185056
185006
184992
184971
184962
184952
184819
184665
184660
184655
184540
184524
184514
184483
184471
184455
184449
184448
184413
184376
184347
184291
184263
184199
184161
184125
184095
184089
184086
184061
184055
184054
184022
183971
183921
183900
183885
183879
183868
183811
183800
183760
183742
183601
183516
183481
183431
183427
183411
183349
183279
183236
183194
183186
183126
183083
183082
183014
182974
182941
182886
182872
182799
182768
182729
182705
182570
182555
182500
182494
182491
182458
182357
182356
182339
182308
182269
182249
182221
182201
182181
182076
182056
181956
181946
181933
181811
181804
181752
181750
181680
181646
181627
181499
181469
181350
181336
181304
181258
181171
181141
181130
181100
181092
180970
180968
180888
180847
180691
180572
180541
180528
180493
180449
180394
180368
180367
180359
180353
180336
180274
180267
180141
180115
180106
180102
179845
179790
179720
179671
179652
179651
179616
179587
179553
179551
179488
179449
179421
179380
179323
179307
179295
179256
179252
179214
179164
179043
179040
179021
178997
178991
178977
178913
178898
178884
178875
178871
178870
178741
178720
178689
178684
178661
178621
178431
178173
178127
178102
178073
178001
177996
177994
177968
177954
177786
177658
177634
177586
177578
177444
177398
177385
177328
177323
177264
177249
177196
177192
177151
177090
176979
176935
176896
176869
176831
176809
176784
176763
176693
176657
176650
176630
176628
176608
176544
176537
176534
176496
176453
176334
176283
176277
176197
176182
176143
176080
175968
175964
175952
175845
175812
175703
175660
175627
175615
175457
175369
175337
175275
175267
175245
175090
175006
174967
174937
174871
174837
174817
174794
174793
174769
174686
174649
174613
174347
174299
174268
174218
174177
174174
174169
174142
174134
174125
174124
173889
173884
173870
173864
173822
173814
173762
173693
173618
173607
173596
173505
173340
173227
173211
173180
173148
173061
172991
172932
172922
172907
172786
172753
172686
172675
172618
172514
172497
172385
172253
172099
172080
172044
172023
172015
172014
171936
171871
171842
171836
171804
171775
171708
171697
171662
171502
171488
171427
171398
171355
171339
171326
171142
171127
171836
171804
171775
171708
171697
171662
171502
171488
171427
171398
171355
171339
171836
171804
171775
171708
171697
171662
171502
171488
171427
171398
171355
171339
171836
171804
171775
171708
171697
171662
171502
171488
171427
171398
171355
171339
171836
171804
171775
171708
171697
171662
171502
171488
171427
171398
189980
189872
189858
189828
189826
189766
171355
171339
171836
171804
171775
171708
171697
171662
171502
171488
171427
171398
171355
171339
171836
171804
171775
171708
171697
171662
171502
171488
171427
171398
171355
171339
171836
171804
171775
171708
171697
171662
171502
171488
171427
171398
171355
171339
171836
171804
171775
171708
171697
171662
171502
171488
171427
171398
171355
171339
171836
171804
171775
171708
171697
171339
171836
171804
171775
171708
171697
171662
171502
171488
171427
171398
171355
189631
189600
189543
189525
171339
171836
171804
171775
171708
171697
171662
171502
189702
189642
189470
189433
189335
189238
188602
188588